/* #Rygoso
$[
	1.063,
	["id_card",[[0,0,1,1],0.025,0.04,"GUI_GRID"],0,0,0],
	[2200,"id_card",[0,"",[0.175,0.16,0.65,0.52],[-1,-1,-1,-1],[0,0.1,0,0.6],[-1,-1,-1,-1],"","-1"],[]],
	[1200,"id_photo",[0,"images\faces\african_1.jpg",[0.209975,0.2,0.126136,0.198114],[-1,-1,-1,-1],[-1,-1,-1,-1],[-1,-1,-1,-1],"","-1"],[]],
	[1600,"id_close",[0,"Close",[0.7375,0.7,0.0875,0.04],[-1,-1,-1,-1],[-1,-1,-1,-1],[-1,-1,-1,-1],"","-1"],[]],
	[1000,"",[0,"Issue:",[0.2,0.42,0.1,0.04],[-1,-1,-1,-1],[-1,-1,-1,-1],[-1,-1,-1,-1],"","-1"],[]],
	[1001,"id_issue",[0,"00/00/0000",[0.2,0.443367,0.1125,0.06],[0.7,0.7,0.7,1],[-1,-1,-1,-1],[-1,-1,-1,-1],"","-1"],[]],
	[1002,"",[0,"Expiry:",[0.2,0.5,0.1125,0.04],[-1,-1,-1,-1],[-1,-1,-1,-1],[-1,-1,-1,-1],"","-1"],[]],
	[1003,"id_expiry",[0,"00/00/0000",[0.201263,0.52505,0.1125,0.06],[0.7,0.7,0.7,1],[-1,-1,-1,-1],[-1,-1,-1,-1],"","-1"],[]],
	[1004,"id_authority",[0,"TPG",[0.375,0.6,0.0625,0.06],[1,0,1,1],[-1,-1,-1,-1],[-1,-1,-1,-1],"","-1"],[]],
	[1005,"",[0,">>>>>",[0.5375,0.6,0.075,0.06],[-1,-1,-1,-1],[-1,-1,-1,-1],[-1,-1,-1,-1],"","-1"],[]],
	[1006,"id_idnum",[0,"TP00-AZIK-I000-0A00",[0.6,0.6,0.2,0.06],[-1,-1,-1,-1],[-1,-1,-1,-1],[-1,-1,-1,-1],"","-1"],[]],
	[1007,"",[0,"TANOAN NATIONAL ID CARD",[0.35,0.18,0.2625,0.06],[-1,-1,-1,-1],[-1,-1,-1,-1],[-1,-1,-1,-1],"","-1"],[]],
	[1008,"id_forename",[0,"Aatami",[0.4625,0.28,0.225,0.06],[0.7,0.7,0.7,1],[-1,-1,-1,-1],[-1,-1,-1,-1],"","-1"],[]],
	[1010,"id_surname",[0,"Azikiwe",[0.4625,0.24,0.225,0.06],[0.7,0.7,0.7,1],[-1,-1,-1,-1],[-1,-1,-1,-1],"","-1"],[]],
	[1011,"",[0,"DOB:",[0.35,0.4,0.15,0.06],[-1,-1,-1,-1],[-1,-1,-1,-1],[-1,-1,-1,-1],"","-1"],[]],
	[1012,"id_dob",[0,"00/00/0000",[0.4625,0.4,0.1125,0.06],[0.7,0.7,0.7,1],[-1,-1,-1,-1],[-1,-1,-1,-1],"","-1"],[]],
	[1013,"",[0,"Nationality:",[0.35,0.34,0.15,0.06],[-1,-1,-1,-1],[-1,-1,-1,-1],[-1,-1,-1,-1],"","-1"],[]],
	[1014,"id_nationality",[0,"Tanoan",[0.4625,0.34,0.225,0.06],[0.7,0.7,0.7,1],[-1,-1,-1,-1],[-1,-1,-1,-1],"","-1"],[]],
	[1015,"",[0,"ISSUING AUTHORITY:",[0.1875,0.6,0.2,0.06],[1,1,0,1],[-1,-1,-1,-1],[-1,-1,-1,-1],"","-1"],[]],
	[1009,"",[0,"Name:",[0.35,0.24,0.15,0.06],[-1,-1,-1,-1],[-1,-1,-1,-1],[-1,-1,-1,-1],"","-1"],[]],
	[1201,"id_flag",[0,"images\tanoa_flag.jpg",[0.675,0.36,0.121465,0.0949494],[-1,-1,-1,-1],[-1,-1,-1,-1],[-1,-1,-1,-1],"","-1"],[]]
]
*/
